#center_z avg_z center_magnorm_agn avg_magnorm_agn number
0.05 0.082 14.5 14.745 2
0.05 0.093 18.5 18.677 5
0.05 0.086 20.5 20.759 16
0.05 0.085 21.5 21.544 9
0.05 0.096 22.5 22.422 10
0.15 0.139 16.5 16.671 2
0.15 0.128 17.5 17.631 3
0.15 0.175 18.5 18.034 3
0.15 0.124 19.5 19.474 6
0.15 0.149 20.5 20.559 16
0.15 0.158 21.5 21.629 50
0.15 0.153 22.5 22.632 129
0.15 0.165 23.5 23.490 187
0.15 0.187 24.5 24.197 68
0.25 0.217 16.5 16.960 1
0.25 0.240 18.5 18.183 2
0.25 0.239 19.5 19.746 15
0.25 0.246 20.5 20.602 23
0.25 0.256 21.5 21.578 61
0.25 0.249 22.5 22.583 163
0.25 0.252 23.5 23.576 359
0.25 0.253 24.5 24.509 650
0.25 0.280 25.5 25.202 178
0.35 0.355 16.5 16.501 1
0.35 0.326 17.5 17.203 1
0.35 0.355 18.5 18.643 8
0.35 0.350 19.5 19.493 13
0.35 0.347 20.5 20.528 29
0.35 0.345 21.5 21.517 70
0.35 0.352 22.5 22.571 217
0.35 0.350 23.5 23.549 359
0.35 0.346 24.5 24.541 706
0.35 0.354 25.5 25.504 1118
0.35 0.388 26.5 26.108 100
0.45 0.446 17.5 17.327 3
0.45 0.452 18.5 18.607 5
0.45 0.445 19.5 19.654 20
0.45 0.444 20.5 20.549 36
0.45 0.448 21.5 21.547 95
0.45 0.449 22.5 22.542 211
0.45 0.448 23.5 23.537 338
0.45 0.447 24.5 24.532 657
0.45 0.446 25.5 25.543 1220
0.45 0.457 26.5 26.327 1093
0.55 0.510 15.5 15.917 1
0.55 0.540 16.5 16.716 1
0.55 0.545 17.5 17.533 2
0.55 0.534 18.5 18.313 4
0.55 0.537 19.5 19.641 15
0.55 0.560 20.5 20.620 52
0.55 0.548 21.5 21.523 124
0.55 0.549 22.5 22.539 188
0.55 0.549 23.5 23.549 321
0.55 0.547 24.5 24.544 585
0.55 0.548 25.5 25.564 1063
0.55 0.549 26.5 26.539 1831
0.55 0.577 27.5 27.107 332
0.65 0.663 17.5 17.836 2
0.65 0.640 18.5 18.581 4
0.65 0.657 19.5 19.600 25
0.65 0.648 20.5 20.605 67
0.65 0.652 21.5 21.556 129
0.65 0.650 22.5 22.528 206
0.65 0.650 23.5 23.553 305
0.65 0.646 24.5 24.532 469
0.65 0.648 25.5 25.550 871
0.65 0.648 26.5 26.565 1601
0.65 0.657 27.5 27.301 1327
0.75 0.782 17.5 17.972 1
0.75 0.739 18.5 18.560 9
0.75 0.744 19.5 19.583 24
0.75 0.752 20.5 20.551 82
0.75 0.752 21.5 21.543 131
0.75 0.750 22.5 22.530 202
0.75 0.750 23.5 23.514 292
0.75 0.747 24.5 24.551 477
0.75 0.748 25.5 25.552 788
0.75 0.749 26.5 26.542 1488
0.75 0.752 27.5 27.498 2417
0.75 0.790 28.5 28.034 34
0.85 0.871 18.5 18.676 8
0.85 0.854 19.5 19.572 31
0.85 0.852 20.5 20.538 76
0.85 0.850 21.5 21.537 130
0.85 0.847 22.5 22.562 161
0.85 0.851 23.5 23.553 256
0.85 0.848 24.5 24.557 403
0.85 0.846 25.5 25.556 667
0.85 0.850 26.5 26.564 1159
0.85 0.848 27.5 27.551 2290
0.85 0.860 28.5 28.147 830
0.95 0.962 17.5 17.818 1
0.95 0.921 18.5 18.683 6
0.95 0.951 19.5 19.623 28
0.95 0.952 20.5 20.544 71
0.95 0.949 21.5 21.551 132
0.95 0.948 22.5 22.515 178
0.95 0.952 23.5 23.540 268
0.95 0.948 24.5 24.558 351
0.95 0.947 25.5 25.529 563
0.95 0.950 26.5 26.543 1098
0.95 0.948 27.5 27.558 1970
0.95 0.954 28.5 28.298 1818
1.05 1.014 17.5 17.233 1
1.05 1.050 18.5 18.712 9
1.05 1.043 19.5 19.466 32
1.05 1.052 20.5 20.513 79
1.05 1.052 21.5 21.567 103
1.05 1.052 22.5 22.500 130
1.05 1.054 23.5 23.485 201
1.05 1.045 24.5 24.531 370
1.05 1.050 25.5 25.529 541
1.05 1.050 26.5 26.542 961
1.05 1.048 27.5 27.551 1742
1.05 1.052 28.5 28.453 2343
1.15 1.109 17.5 17.598 1
1.15 1.167 18.5 18.548 7
1.15 1.152 19.5 19.551 32
1.15 1.141 20.5 20.548 61
1.15 1.152 21.5 21.598 90
1.15 1.152 22.5 22.553 132
1.15 1.148 23.5 23.511 187
1.15 1.146 24.5 24.538 278
1.15 1.147 25.5 25.575 479
1.15 1.149 26.5 26.561 783
1.15 1.147 27.5 27.555 1470
1.15 1.148 28.5 28.556 2646
1.15 1.173 29.5 29.063 247
1.25 1.240 17.5 17.389 1
1.25 1.251 18.5 18.666 9
1.25 1.253 19.5 19.484 23
1.25 1.245 20.5 20.562 46
1.25 1.251 21.5 21.511 73
1.25 1.253 22.5 22.567 109
1.25 1.248 23.5 23.521 156
1.25 1.250 24.5 24.531 257
1.25 1.248 25.5 25.524 467
1.25 1.247 26.5 26.547 724
1.25 1.249 27.5 27.555 1323
1.25 1.249 28.5 28.562 2341
1.25 1.254 29.5 29.153 1010
1.35 1.349 18.5 18.679 6
1.35 1.351 19.5 19.523 32
1.35 1.343 20.5 20.528 53
1.35 1.342 21.5 21.502 79
1.35 1.353 22.5 22.497 130
1.35 1.349 23.5 23.544 168
1.35 1.348 24.5 24.547 246
1.35 1.346 25.5 25.539 335
1.35 1.350 26.5 26.563 550
1.35 1.348 27.5 27.562 1020
1.35 1.348 28.5 28.540 2011
1.35 1.351 29.5 29.267 1542
1.45 1.461 18.5 18.622 4
1.45 1.437 19.5 19.598 24
1.45 1.446 20.5 20.523 46
1.45 1.446 21.5 21.549 79
1.45 1.446 22.5 22.506 104
1.45 1.448 23.5 23.548 137
1.45 1.446 24.5 24.506 198
1.45 1.448 25.5 25.545 326
1.45 1.446 26.5 26.528 563
1.45 1.446 27.5 27.558 949
1.45 1.449 28.5 28.556 1741
1.45 1.450 29.5 29.376 2041
1.55 1.597 17.5 17.770 1
1.55 1.546 18.5 18.726 7
1.55 1.546 19.5 19.491 14
1.55 1.551 20.5 20.573 44
1.55 1.550 21.5 21.535 61
1.55 1.548 22.5 22.556 70
1.55 1.548 23.5 23.505 145
1.55 1.554 24.5 24.543 191
1.55 1.548 25.5 25.539 324
1.55 1.549 26.5 26.528 488
1.55 1.549 27.5 27.548 884
1.55 1.548 28.5 28.550 1468
1.55 1.552 29.5 29.480 2375
1.65 1.663 17.5 17.794 1
1.65 1.650 19.5 19.664 11
1.65 1.649 20.5 20.603 27
1.65 1.650 21.5 21.535 64
1.65 1.646 22.5 22.517 86
1.65 1.648 23.5 23.515 133
1.65 1.657 24.5 24.509 157
1.65 1.645 25.5 25.547 242
1.65 1.646 26.5 26.562 451
1.65 1.652 27.5 27.547 743
1.65 1.649 28.5 28.532 1321
1.65 1.650 29.5 29.547 2391
1.65 1.674 30.5 30.035 134
1.75 1.709 17.5 17.909 1
1.75 1.789 18.5 18.448 1
1.75 1.745 19.5 19.591 11
1.75 1.752 20.5 20.568 29
1.75 1.750 21.5 21.554 49
1.75 1.740 22.5 22.505 71
1.75 1.750 23.5 23.572 134
1.75 1.750 24.5 24.534 167
1.75 1.747 25.5 25.543 251
1.75 1.749 26.5 26.539 385
1.75 1.750 27.5 27.536 629
1.75 1.747 28.5 28.557 1093
1.75 1.749 29.5 29.544 2116
1.75 1.756 30.5 30.095 608
1.85 1.861 18.5 18.641 5
1.85 1.845 19.5 19.654 7
1.85 1.848 20.5 20.629 25
1.85 1.849 21.5 21.566 47
1.85 1.848 22.5 22.537 62
1.85 1.849 23.5 23.522 94
1.85 1.848 24.5 24.543 141
1.85 1.845 25.5 25.539 233
1.85 1.846 26.5 26.556 359
1.85 1.847 27.5 27.554 584
1.85 1.848 28.5 28.556 1000
1.85 1.849 29.5 29.557 1814
1.85 1.854 30.5 30.182 1013
1.95 1.961 18.5 18.715 4
1.95 1.935 19.5 19.564 6
1.95 1.944 20.5 20.552 23
1.95 1.952 21.5 21.504 40
1.95 1.947 22.5 22.479 64
1.95 1.942 23.5 23.519 92
1.95 1.952 24.5 24.530 139
1.95 1.947 25.5 25.542 194
1.95 1.948 26.5 26.504 310
1.95 1.947 27.5 27.555 523
1.95 1.947 28.5 28.552 905
1.95 1.948 29.5 29.551 1710
1.95 1.953 30.5 30.248 1201
2.05 2.023 19.5 19.644 5
2.05 2.046 20.5 20.611 19
2.05 2.054 21.5 21.557 35
2.05 2.049 22.5 22.522 68
2.05 2.051 23.5 23.494 104
2.05 2.054 24.5 24.478 107
2.05 2.044 25.5 25.576 171
2.05 2.046 26.5 26.542 252
2.05 2.047 27.5 27.555 438
2.05 2.049 28.5 28.554 837
2.05 2.047 29.5 29.552 1440
2.05 2.051 30.5 30.335 1455
2.15 2.157 18.5 18.536 3
2.15 2.129 19.5 19.454 3
2.15 2.148 20.5 20.547 17
2.15 2.156 21.5 21.623 35
2.15 2.152 22.5 22.510 63
2.15 2.160 23.5 23.476 86
2.15 2.149 24.5 24.484 119
2.15 2.150 25.5 25.539 148
2.15 2.148 26.5 26.519 264
2.15 2.150 27.5 27.532 426
2.15 2.149 28.5 28.561 665
2.15 2.149 29.5 29.542 1302
2.15 2.151 30.5 30.400 1612
2.25 2.216 18.5 18.444 1
2.25 2.239 19.5 19.496 3
2.25 2.250 20.5 20.500 17
2.25 2.247 21.5 21.492 30
2.25 2.251 22.5 22.554 43
2.25 2.252 23.5 23.559 66
2.25 2.245 24.5 24.570 73
2.25 2.245 25.5 25.492 143
2.25 2.253 26.5 26.515 199
2.25 2.244 27.5 27.555 336
2.25 2.248 28.5 28.543 659
2.25 2.248 29.5 29.568 1067
2.25 2.252 30.5 30.466 1693
2.35 2.368 19.5 19.454 5
2.35 2.324 20.5 20.533 13
2.35 2.350 21.5 21.473 15
2.35 2.346 22.5 22.576 40
2.35 2.348 23.5 23.491 61
2.35 2.346 24.5 24.532 100
2.35 2.351 25.5 25.508 131
2.35 2.347 26.5 26.553 198
2.35 2.347 27.5 27.539 322
2.35 2.348 28.5 28.558 531
2.35 2.347 29.5 29.545 969
2.35 2.349 30.5 30.545 1727
2.35 2.390 31.5 31.008 4
2.45 2.441 18.5 18.900 2
2.45 2.448 20.5 20.623 9
2.45 2.446 21.5 21.496 23
2.45 2.451 22.5 22.511 42
2.45 2.446 23.5 23.527 55
2.45 2.448 24.5 24.619 77
2.45 2.447 25.5 25.568 121
2.45 2.454 26.5 26.575 173
2.45 2.445 27.5 27.537 277
2.45 2.448 28.5 28.555 481
2.45 2.448 29.5 29.545 897
2.45 2.448 30.5 30.565 1581
2.45 2.461 31.5 31.052 189
2.55 2.531 19.5 19.255 2
2.55 2.552 20.5 20.685 10
2.55 2.547 21.5 21.634 21
2.55 2.547 22.5 22.573 32
2.55 2.553 23.5 23.489 54
2.55 2.546 24.5 24.537 77
2.55 2.546 25.5 25.485 115
2.55 2.553 26.5 26.487 139
2.55 2.547 27.5 27.546 274
2.55 2.547 28.5 28.544 428
2.55 2.550 29.5 29.540 793
2.55 2.547 30.5 30.548 1444
2.55 2.556 31.5 31.102 384
2.65 2.656 20.5 20.514 4
2.65 2.651 21.5 21.482 12
2.65 2.646 22.5 22.540 36
2.65 2.650 23.5 23.445 33
2.65 2.650 24.5 24.553 54
2.65 2.649 25.5 25.491 84
2.65 2.652 26.5 26.526 156
2.65 2.649 27.5 27.508 242
2.65 2.649 28.5 28.549 369
2.65 2.648 29.5 29.561 674
2.65 2.650 30.5 30.566 1286
2.65 2.651 31.5 31.153 568
2.75 2.739 18.5 18.986 2
2.75 2.739 20.5 20.407 5
2.75 2.760 21.5 21.467 15
2.75 2.758 22.5 22.551 22
2.75 2.749 23.5 23.509 37
2.75 2.748 24.5 24.460 65
2.75 2.748 25.5 25.562 81
2.75 2.754 26.5 26.482 118
2.75 2.752 27.5 27.517 201
2.75 2.749 28.5 28.559 348
2.75 2.747 29.5 29.529 583
2.75 2.750 30.5 30.536 1165
2.75 2.751 31.5 31.201 710
2.85 2.890 19.5 19.728 1
2.85 2.863 20.5 20.475 5
2.85 2.861 21.5 21.596 17
2.85 2.860 22.5 22.471 16
2.85 2.853 23.5 23.541 44
2.85 2.852 24.5 24.525 56
2.85 2.848 25.5 25.531 68
2.85 2.851 26.5 26.536 134
2.85 2.852 27.5 27.574 200
2.85 2.851 28.5 28.540 328
2.85 2.848 29.5 29.531 546
2.85 2.850 30.5 30.558 1032
2.85 2.853 31.5 31.259 775
2.95 2.976 19.5 19.276 2
2.95 2.961 20.5 20.095 1
2.95 2.936 21.5 21.572 8
2.95 2.949 22.5 22.526 18
2.95 2.949 23.5 23.543 34
2.95 2.956 24.5 24.485 52
2.95 2.947 25.5 25.513 76
2.95 2.944 26.5 26.545 103
2.95 2.949 27.5 27.553 160
2.95 2.950 28.5 28.535 278
2.95 2.950 29.5 29.566 472
2.95 2.948 30.5 30.556 929
2.95 2.951 31.5 31.291 828
3.05 3.054 19.5 19.510 2
3.05 3.051 20.5 20.664 7
3.05 3.039 21.5 21.669 5
3.05 3.056 22.5 22.474 14
3.05 3.041 23.5 23.526 27
3.05 3.048 24.5 24.489 44
3.05 3.049 25.5 25.503 60
3.05 3.044 26.5 26.542 105
3.05 3.051 27.5 27.539 152
3.05 3.047 28.5 28.562 287
3.05 3.050 29.5 29.544 450
3.05 3.049 30.5 30.547 853
3.05 3.051 31.5 31.361 973
3.15 3.159 19.5 19.711 1
3.15 3.163 20.5 20.551 5
3.15 3.151 21.5 21.398 10
3.15 3.153 22.5 22.569 25
3.15 3.146 23.5 23.500 39
3.15 3.143 24.5 24.536 50
3.15 3.153 25.5 25.538 49
3.15 3.153 26.5 26.540 98
3.15 3.147 27.5 27.523 140
3.15 3.150 28.5 28.528 239
3.15 3.151 29.5 29.543 388
3.15 3.148 30.5 30.545 745
3.15 3.152 31.5 31.404 929
3.25 3.250 19.5 19.303 2
3.25 3.282 20.5 20.320 2
3.25 3.257 21.5 21.406 5
3.25 3.242 22.5 22.501 13
3.25 3.243 23.5 23.595 30
3.25 3.241 24.5 24.552 43
3.25 3.250 25.5 25.535 62
3.25 3.248 26.5 26.479 73
3.25 3.254 27.5 27.539 123
3.25 3.250 28.5 28.522 200
3.25 3.250 29.5 29.571 357
3.25 3.247 30.5 30.555 668
3.25 3.251 31.5 31.454 927
3.35 3.313 19.5 19.726 1
3.35 3.340 20.5 20.634 5
3.35 3.353 21.5 21.459 3
3.35 3.352 22.5 22.550 24
3.35 3.347 23.5 23.558 21
3.35 3.347 24.5 24.507 37
3.35 3.351 25.5 25.584 53
3.35 3.355 26.5 26.510 83
3.35 3.352 27.5 27.553 146
3.35 3.351 28.5 28.523 193
3.35 3.353 29.5 29.554 341
3.35 3.348 30.5 30.553 568
3.35 3.350 31.5 31.509 953
3.45 3.476 20.5 20.495 2
3.45 3.452 21.5 21.540 4
3.45 3.432 22.5 22.560 14
3.45 3.447 23.5 23.543 24
3.45 3.446 24.5 24.541 39
3.45 3.444 25.5 25.498 40
3.45 3.445 26.5 26.488 66
3.45 3.452 27.5 27.554 84
3.45 3.447 28.5 28.566 184
3.45 3.451 29.5 29.529 271
3.45 3.449 30.5 30.555 542
3.45 3.450 31.5 31.551 961
3.45 3.493 32.5 32.008 7
3.55 3.589 21.5 21.178 2
3.55 3.536 22.5 22.642 10
3.55 3.548 23.5 23.666 18
3.55 3.542 24.5 24.532 33
3.55 3.553 25.5 25.451 37
3.55 3.546 26.5 26.553 63
3.55 3.545 27.5 27.516 91
3.55 3.549 28.5 28.522 168
3.55 3.548 29.5 29.548 271
3.55 3.550 30.5 30.551 492
3.55 3.547 31.5 31.562 963
3.55 3.565 32.5 32.037 82
3.65 3.694 19.5 19.905 1
3.65 3.659 20.5 20.738 4
3.65 3.638 21.5 21.707 5
3.65 3.656 22.5 22.540 11
3.65 3.640 23.5 23.488 14
3.65 3.645 24.5 24.491 17
3.65 3.650 25.5 25.516 32
3.65 3.640 26.5 26.499 44
3.65 3.651 27.5 27.522 89
3.65 3.649 28.5 28.518 161
3.65 3.647 29.5 29.546 223
3.65 3.650 30.5 30.550 432
3.65 3.648 31.5 31.552 848
3.65 3.658 32.5 32.063 143
3.75 3.740 19.5 19.635 2
3.75 3.770 20.5 20.602 3
3.75 3.741 21.5 21.726 5
3.75 3.756 22.5 22.580 12
3.75 3.763 23.5 23.561 11
3.75 3.741 24.5 24.591 16
3.75 3.750 25.5 25.590 46
3.75 3.743 26.5 26.583 61
3.75 3.748 27.5 27.558 67
3.75 3.746 28.5 28.558 141
3.75 3.753 29.5 29.540 229
3.75 3.750 30.5 30.554 375
3.75 3.750 31.5 31.557 730
3.75 3.752 32.5 32.096 189
3.85 3.897 19.5 19.993 1
3.85 3.829 20.5 20.607 3
3.85 3.844 21.5 21.367 3
3.85 3.871 22.5 22.385 9
3.85 3.846 23.5 23.517 19
3.85 3.854 24.5 24.528 32
3.85 3.857 25.5 25.456 36
3.85 3.843 26.5 26.551 65
3.85 3.851 27.5 27.480 60
3.85 3.852 28.5 28.531 122
3.85 3.850 29.5 29.536 175
3.85 3.850 30.5 30.547 388
3.85 3.850 31.5 31.568 587
3.85 3.853 32.5 32.134 257
3.95 3.932 19.5 19.767 1
3.95 3.942 20.5 20.585 2
3.95 3.963 21.5 21.573 4
3.95 3.966 22.5 22.508 5
3.95 3.952 23.5 23.707 14
3.95 3.951 24.5 24.433 21
3.95 3.955 25.5 25.592 35
3.95 3.945 26.5 26.522 43
3.95 3.947 27.5 27.477 73
3.95 3.948 28.5 28.522 117
3.95 3.953 29.5 29.548 191
3.95 3.945 30.5 30.550 330
3.95 3.947 31.5 31.562 598
3.95 3.955 32.5 32.164 279
4.05 4.085 20.5 20.721 1
4.05 4.046 22.5 22.466 8
4.05 4.039 23.5 23.622 17
4.05 4.045 24.5 24.542 14
4.05 4.046 25.5 25.547 31
4.05 4.047 26.5 26.522 45
4.05 4.052 27.5 27.536 74
4.05 4.053 28.5 28.497 94
4.05 4.049 29.5 29.513 150
4.05 4.048 30.5 30.571 317
4.05 4.047 31.5 31.537 533
4.05 4.053 32.5 32.207 355
4.15 4.134 20.5 20.280 1
4.15 4.157 21.5 21.837 3
4.15 4.120 22.5 22.698 7
4.15 4.146 23.5 23.521 8
4.15 4.147 24.5 24.478 19
4.15 4.140 25.5 25.555 22
4.15 4.154 26.5 26.554 43
4.15 4.149 27.5 27.542 51
4.15 4.151 28.5 28.594 81
4.15 4.148 29.5 29.501 157
4.15 4.150 30.5 30.531 258
4.15 4.150 31.5 31.546 476
4.15 4.153 32.5 32.243 366
4.25 4.226 21.5 21.875 1
4.25 4.255 22.5 22.768 4
4.25 4.253 23.5 23.494 10
4.25 4.245 24.5 24.462 23
4.25 4.240 25.5 25.538 38
4.25 4.241 26.5 26.507 35
4.25 4.242 27.5 27.537 44
4.25 4.247 28.5 28.527 80
4.25 4.249 29.5 29.546 147
4.25 4.253 30.5 30.539 220
4.25 4.251 31.5 31.550 413
4.25 4.254 32.5 32.276 386
4.35 4.331 19.5 19.221 1
4.35 4.345 22.5 22.594 5
4.35 4.366 23.5 23.696 8
4.35 4.341 24.5 24.604 18
4.35 4.349 25.5 25.477 21
4.35 4.352 26.5 26.534 37
4.35 4.350 27.5 27.577 48
4.35 4.344 28.5 28.505 87
4.35 4.345 29.5 29.539 120
4.35 4.351 30.5 30.571 204
4.35 4.346 31.5 31.544 391
4.35 4.351 32.5 32.315 369
4.45 4.486 21.5 21.731 1
4.45 4.441 23.5 23.461 10
4.45 4.445 24.5 24.524 12
4.45 4.463 25.5 25.551 9
4.45 4.446 26.5 26.548 35
4.45 4.448 27.5 27.492 39
4.45 4.445 28.5 28.655 58
4.45 4.451 29.5 29.570 101
4.45 4.449 30.5 30.541 188
4.45 4.450 31.5 31.565 355
4.45 4.450 32.5 32.339 370
4.55 4.593 19.5 19.856 1
4.55 4.536 21.5 21.537 3
4.55 4.574 22.5 22.612 4
4.55 4.547 23.5 23.644 9
4.55 4.549 24.5 24.622 10
4.55 4.549 25.5 25.555 16
4.55 4.558 26.5 26.556 32
4.55 4.546 27.5 27.438 40
4.55 4.552 28.5 28.539 63
4.55 4.547 29.5 29.487 118
4.55 4.551 30.5 30.545 195
4.55 4.550 31.5 31.572 334
4.55 4.550 32.5 32.353 381
4.65 4.630 19.5 19.815 1
4.65 4.645 21.5 21.713 1
4.65 4.642 23.5 23.475 7
4.65 4.662 24.5 24.501 8
4.65 4.653 25.5 25.544 15
4.65 4.649 26.5 26.556 37
4.65 4.655 27.5 27.558 45
4.65 4.656 28.5 28.511 64
4.65 4.654 29.5 29.575 94
4.65 4.651 30.5 30.530 161
4.65 4.650 31.5 31.556 328
4.65 4.651 32.5 32.394 359
4.75 4.730 22.5 22.603 5
4.75 4.767 23.5 23.412 9
4.75 4.731 24.5 24.500 5
4.75 4.752 25.5 25.461 22
4.75 4.744 26.5 26.408 30
4.75 4.754 27.5 27.510 31
4.75 4.751 28.5 28.469 68
4.75 4.747 29.5 29.513 69
4.75 4.751 30.5 30.546 159
4.75 4.749 31.5 31.546 258
4.75 4.752 32.5 32.431 380
4.85 4.839 22.5 22.218 2
4.85 4.839 23.5 23.646 6
4.85 4.838 24.5 24.457 11
4.85 4.846 25.5 25.531 21
4.85 4.863 26.5 26.416 22
4.85 4.844 27.5 27.566 19
4.85 4.848 28.5 28.516 52
4.85 4.847 29.5 29.589 74
4.85 4.856 30.5 30.515 133
4.85 4.852 31.5 31.556 252
4.85 4.849 32.5 32.468 389
4.95 4.950 22.5 22.458 7
4.95 4.937 23.5 23.644 7
4.95 4.938 24.5 24.641 11
4.95 4.959 25.5 25.517 13
4.95 4.945 26.5 26.564 25
4.95 4.954 27.5 27.553 26
4.95 4.953 28.5 28.544 34
4.95 4.945 29.5 29.604 66
4.95 4.951 30.5 30.540 131
4.95 4.952 31.5 31.530 229
4.95 4.948 32.5 32.468 362
5.05 5.042 20.5 20.933 1
5.05 5.038 22.5 22.639 4
5.05 5.058 23.5 23.666 6
5.05 5.064 24.5 24.636 6
5.05 5.047 25.5 25.530 20
5.05 5.054 26.5 26.430 18
5.05 5.052 27.5 27.536 26
5.05 5.046 28.5 28.580 44
5.05 5.049 29.5 29.567 68
5.05 5.048 30.5 30.500 118
5.05 5.050 31.5 31.561 191
5.05 5.047 32.5 32.546 374
5.15 5.127 20.5 20.760 1
5.15 5.178 21.5 21.957 2
5.15 5.161 23.5 23.486 3
5.15 5.161 24.5 24.547 12
5.15 5.149 25.5 25.566 15
5.15 5.150 26.5 26.527 27
5.15 5.155 27.5 27.549 16
5.15 5.158 28.5 28.585 36
5.15 5.145 29.5 29.530 64
5.15 5.152 30.5 30.558 113
5.15 5.152 31.5 31.563 205
5.15 5.149 32.5 32.564 317
5.15 5.195 33.5 33.008 2
5.25 5.299 21.5 21.515 1
5.25 5.287 22.5 22.625 4
5.25 5.254 23.5 23.579 6
5.25 5.261 24.5 24.631 7
5.25 5.240 25.5 25.710 5
5.25 5.254 26.5 26.594 18
5.25 5.249 27.5 27.515 27
5.25 5.247 28.5 28.593 25
5.25 5.243 29.5 29.511 60
5.25 5.256 30.5 30.541 91
5.25 5.248 31.5 31.521 155
5.25 5.246 32.5 32.535 324
5.25 5.260 33.5 33.027 24
5.35 5.333 21.5 21.606 2
5.35 5.303 22.5 22.897 1
5.35 5.363 23.5 23.806 2
5.35 5.345 24.5 24.339 8
5.35 5.341 25.5 25.428 7
5.35 5.344 26.5 26.594 16
5.35 5.357 27.5 27.495 20
5.35 5.349 28.5 28.500 31
5.35 5.347 29.5 29.472 55
5.35 5.349 30.5 30.560 92
5.35 5.349 31.5 31.581 145
5.35 5.348 32.5 32.562 295
5.35 5.355 33.5 33.056 46
5.45 5.422 21.5 21.435 1
5.45 5.494 22.5 22.320 1
5.45 5.458 23.5 23.416 2
5.45 5.439 24.5 24.680 5
5.45 5.450 25.5 25.382 8
5.45 5.456 26.5 26.515 14
5.45 5.448 27.5 27.541 21
5.45 5.444 28.5 28.648 27
5.45 5.448 29.5 29.516 59
5.45 5.451 30.5 30.571 75
5.45 5.451 31.5 31.568 131
5.45 5.447 32.5 32.556 263
5.45 5.452 33.5 33.082 57
5.55 5.509 21.5 21.396 1
5.55 5.504 22.5 22.109 1
5.55 5.559 23.5 23.637 2
5.55 5.507 24.5 24.209 1
5.55 5.547 25.5 25.327 4
5.55 5.541 26.5 26.569 15
5.55 5.547 27.5 27.512 16
5.55 5.543 28.5 28.536 37
5.55 5.548 29.5 29.534 53
5.55 5.552 30.5 30.536 71
5.55 5.549 31.5 31.529 122
5.55 5.549 32.5 32.521 234
5.55 5.555 33.5 33.110 66
5.65 5.633 22.5 22.578 2
5.65 5.666 23.5 23.700 4
5.65 5.665 24.5 24.618 4
5.65 5.660 25.5 25.469 11
5.65 5.652 26.5 26.536 11
5.65 5.664 27.5 27.430 19
5.65 5.636 28.5 28.535 28
5.65 5.649 29.5 29.577 33
5.65 5.650 30.5 30.526 57
5.65 5.652 31.5 31.518 128
5.65 5.649 32.5 32.567 220
5.65 5.645 33.5 33.118 80
5.75 5.751 21.5 21.657 1
5.75 5.751 24.5 24.500 6
5.75 5.763 25.5 25.588 6
5.75 5.761 26.5 26.588 11
5.75 5.744 27.5 27.608 17
5.75 5.755 28.5 28.551 26
5.75 5.749 29.5 29.620 35
5.75 5.746 30.5 30.572 63
5.75 5.750 31.5 31.506 87
5.75 5.752 32.5 32.512 206
5.75 5.754 33.5 33.153 78
5.85 5.843 22.5 22.275 2
5.85 5.859 23.5 23.623 2
5.85 5.840 24.5 24.637 9
5.85 5.867 25.5 25.467 6
5.85 5.851 26.5 26.414 17
5.85 5.857 27.5 27.639 23
5.85 5.859 28.5 28.538 16
5.85 5.847 29.5 29.548 28
5.85 5.850 30.5 30.569 53
5.85 5.851 31.5 31.516 97
5.85 5.847 32.5 32.556 186
5.85 5.857 33.5 33.176 89
5.95 5.933 22.5 22.574 1
5.95 5.961 23.5 23.633 5
5.95 5.936 24.5 24.785 7
5.95 5.947 25.5 25.405 7
5.95 5.953 26.5 26.678 9
5.95 5.957 27.5 27.559 6
5.95 5.944 28.5 28.379 18
5.95 5.953 29.5 29.501 28
5.95 5.946 30.5 30.572 52
5.95 5.950 31.5 31.575 87
5.95 5.952 32.5 32.552 159
5.95 5.952 33.5 33.193 115
6.05 6.084 23.5 23.418 2
6.05 6.072 24.5 24.406 5
6.05 6.029 25.5 25.394 4
6.05 6.038 26.5 26.416 5
6.05 6.036 27.5 27.466 14
6.05 6.036 28.5 28.466 11
6.05 6.047 29.5 29.569 32
6.05 6.053 30.5 30.462 53
6.05 6.046 31.5 31.596 84
6.05 6.047 32.5 32.531 168
6.05 6.047 33.5 33.229 107
6.15 6.149 23.5 23.659 3
6.15 6.119 24.5 24.703 1
6.15 6.149 25.5 25.571 9
6.15 6.128 26.5 26.242 9
6.15 6.145 27.5 27.492 11
6.15 6.144 28.5 28.511 14
6.15 6.149 29.5 29.652 21
6.15 6.149 30.5 30.458 42
6.15 6.150 31.5 31.505 78
6.15 6.146 32.5 32.574 125
6.15 6.151 33.5 33.249 111
6.25 6.248 21.5 21.675 1
6.25 6.260 22.5 22.815 2
6.25 6.244 23.5 23.257 4
6.25 6.232 24.5 24.632 2
6.25 6.232 25.5 25.230 2
6.25 6.259 26.5 26.550 7
6.25 6.256 27.5 27.516 9
6.25 6.244 28.5 28.523 20
6.25 6.250 29.5 29.561 21
6.25 6.252 30.5 30.592 53
6.25 6.253 31.5 31.590 58
6.25 6.248 32.5 32.569 127
6.25 6.249 33.5 33.280 96
6.35 6.351 24.5 24.477 7
6.35 6.346 25.5 25.392 5
6.35 6.359 26.5 26.307 5
6.35 6.350 27.5 27.387 9
6.35 6.347 28.5 28.619 15
6.35 6.357 29.5 29.530 18
6.35 6.347 30.5 30.587 31
6.35 6.353 31.5 31.554 58
6.35 6.352 32.5 32.541 117
6.35 6.353 33.5 33.272 102
6.45 6.447 22.5 22.248 1
6.45 6.446 24.5 24.814 2
6.45 6.457 25.5 25.734 4
6.45 6.469 26.5 26.750 7
6.45 6.446 27.5 27.607 16
6.45 6.444 28.5 28.474 12
6.45 6.446 29.5 29.440 23
6.45 6.454 30.5 30.537 34
6.45 6.451 31.5 31.523 65
6.45 6.445 32.5 32.578 104
6.45 6.445 33.5 33.284 109
6.55 6.551 23.5 23.950 1
6.55 6.551 24.5 24.388 3
6.55 6.527 25.5 25.342 5
6.55 6.545 26.5 26.628 3
6.55 6.543 27.5 27.689 4
6.55 6.561 28.5 28.521 12
6.55 6.551 29.5 29.468 17
6.55 6.545 30.5 30.582 33
6.55 6.553 31.5 31.546 61
6.55 6.548 32.5 32.544 110
6.55 6.550 33.5 33.344 107
6.65 6.640 23.5 23.430 2
6.65 6.647 24.5 24.951 1
6.65 6.658 25.5 25.644 3
6.65 6.665 26.5 26.685 4
6.65 6.660 27.5 27.509 9
6.65 6.634 28.5 28.476 9
6.65 6.644 29.5 29.510 15
6.65 6.647 30.5 30.536 29
6.65 6.646 31.5 31.630 37
6.65 6.648 32.5 32.559 84
6.65 6.645 33.5 33.334 87
6.75 6.749 23.5 23.780 1
6.75 6.738 24.5 24.551 1
6.75 6.743 25.5 25.572 2
6.75 6.771 26.5 26.547 5
6.75 6.744 27.5 27.571 5
6.75 6.753 28.5 28.468 12
6.75 6.738 29.5 29.565 18
6.75 6.754 30.5 30.534 36
6.75 6.750 31.5 31.536 35
6.75 6.747 32.5 32.560 76
6.75 6.748 33.5 33.386 96
6.85 6.873 21.5 21.269 1
6.85 6.875 23.5 23.601 2
6.85 6.852 24.5 24.499 3
6.85 6.845 25.5 25.444 3
6.85 6.845 26.5 26.425 8
6.85 6.833 27.5 27.623 8
6.85 6.841 28.5 28.298 11
6.85 6.850 29.5 29.584 19
6.85 6.855 30.5 30.531 24
6.85 6.849 31.5 31.508 42
6.85 6.846 32.5 32.597 91
6.85 6.846 33.5 33.407 101
6.95 6.972 23.5 23.741 1
6.95 6.975 24.5 24.061 1
6.95 6.931 25.5 25.585 5
6.95 6.930 26.5 26.503 5
6.95 6.957 27.5 27.579 4
6.95 6.940 28.5 28.512 9
6.95 6.947 29.5 29.699 10
6.95 6.946 30.5 30.573 18
6.95 6.958 31.5 31.572 33
6.95 6.941 32.5 32.553 67
6.95 6.951 33.5 33.407 84
7.05 7.004 23.5 23.072 1
7.05 7.058 25.5 25.568 8
7.05 7.047 26.5 26.467 3
7.05 7.027 27.5 27.657 5
7.05 7.051 28.5 28.727 7
7.05 7.037 29.5 29.485 11
7.05 7.044 30.5 30.558 22
7.05 7.053 31.5 31.608 29
7.05 7.053 32.5 32.569 67
7.05 7.053 33.5 33.425 81
7.15 7.138 24.5 24.908 2
7.15 7.106 25.5 25.676 2
7.15 7.117 26.5 26.384 3
7.15 7.154 27.5 27.231 10
7.15 7.145 28.5 28.407 5
7.15 7.161 29.5 29.629 12
7.15 7.156 30.5 30.634 23
7.15 7.157 31.5 31.629 33
7.15 7.152 32.5 32.512 57
7.15 7.148 33.5 33.431 73
7.25 7.265 25.5 25.231 4
7.25 7.267 26.5 26.601 4
7.25 7.255 27.5 27.357 3
7.25 7.243 28.5 28.618 8
7.25 7.254 29.5 29.573 9
7.25 7.237 30.5 30.590 17
7.25 7.250 31.5 31.586 20
7.25 7.248 32.5 32.612 52
7.25 7.246 33.5 33.467 89
7.35 7.329 23.5 23.515 2
7.35 7.358 24.5 24.217 2
7.35 7.370 25.5 25.499 4
7.35 7.370 26.5 26.341 4
7.35 7.339 27.5 27.623 6
7.35 7.335 28.5 28.371 5
7.35 7.353 29.5 29.437 10
7.35 7.365 30.5 30.695 16
7.35 7.346 31.5 31.583 29
7.35 7.356 32.5 32.593 44
7.35 7.350 33.5 33.484 81
7.45 7.439 24.5 24.594 3
7.45 7.469 25.5 25.747 2
7.45 7.449 26.5 26.368 6
7.45 7.487 27.5 27.703 1
7.45 7.445 28.5 28.552 6
7.45 7.461 29.5 29.839 4
7.45 7.453 30.5 30.509 18
7.45 7.434 31.5 31.563 17
7.45 7.446 32.5 32.591 40
7.45 7.448 33.5 33.499 71
7.55 7.598 22.5 22.579 1
7.55 7.589 23.5 23.112 1
7.55 7.546 24.5 24.693 1
7.55 7.518 25.5 25.677 1
7.55 7.554 26.5 26.121 1
7.55 7.549 27.5 27.553 7
7.55 7.551 28.5 28.563 9
7.55 7.528 29.5 29.676 6
7.55 7.537 30.5 30.569 11
7.55 7.550 31.5 31.587 24
7.55 7.547 32.5 32.587 45
7.55 7.549 33.5 33.547 61
7.65 7.645 26.5 26.903 2
7.65 7.628 27.5 27.502 4
7.65 7.635 28.5 28.726 1
7.65 7.662 29.5 29.498 6
7.65 7.647 30.5 30.492 14
7.65 7.648 31.5 31.609 24
7.65 7.656 32.5 32.568 37
7.65 7.647 33.5 33.623 51
7.75 7.739 24.5 24.248 1
7.75 7.756 25.5 25.167 1
7.75 7.747 26.5 26.605 3
7.75 7.714 27.5 27.529 2
7.75 7.747 28.5 28.422 10
7.75 7.744 29.5 29.416 6
7.75 7.754 30.5 30.580 10
7.75 7.744 31.5 31.525 28
7.75 7.759 32.5 32.496 29
7.75 7.747 33.5 33.574 69
7.75 7.770 34.5 34.021 4
7.85 7.853 24.5 24.534 2
7.85 7.856 25.5 25.651 1
7.85 7.825 26.5 26.460 3
7.85 7.833 27.5 27.781 2
7.85 7.849 28.5 28.455 5
7.85 7.826 29.5 29.289 5
7.85 7.854 30.5 30.635 11
7.85 7.853 31.5 31.575 19
7.85 7.855 32.5 32.591 32
7.85 7.847 33.5 33.600 62
7.85 7.858 34.5 34.045 4
7.95 7.947 24.5 24.039 1
7.95 7.932 25.5 25.510 2
7.95 7.956 26.5 26.265 3
7.95 7.950 27.5 27.157 2
7.95 7.936 28.5 28.598 6
7.95 7.966 29.5 29.518 4
7.95 7.948 30.5 30.434 9
7.95 7.936 31.5 31.619 16
7.95 7.950 32.5 32.509 27
7.95 7.947 33.5 33.534 80
7.95 7.953 34.5 34.073 5
8.05 8.003 30.5 30.765 1
8.05 8.005 32.5 32.612 1
